ka1 = 10^-6.35;
ka2 = 10^-10.33;
kw  = 10^-14;
Kas = [ka1 ka2 kw];

x0 = [12.3; 10^-14; 0; 45.45; 36.37; 45.45; 0];

Q2 = 0.1;

Q4=0;

Ar = 72;
Vr = 870;
Ata = 1320;
Att = 1320;
Atb = 1320;
Atc = 1963.5;
c = 8;
h0 = 5;
wa1 = 0.006;
wa2 = -0.06;
wa3 = -0.0061;
wb1 = 0;
wb2 = 0.06;
wb3 = 0.0001;
par = [Q2; Q4; Ar; Vr; Ata; Att; Atb; Atc; c; h0; wa1; wa2; wa3; wb1; wb2; wb3];

